Training starting

 ****** Running generation 0 ****** 

Genomes evaluated: 1(1) 2(2) 3(3) 4(4) 5(5) 6(6) 7(7) 8(8) 9(9) 10(10) 11(11) 12(12) 13(13) 14(14) 15(15) 16(16) 17(17) 18(18) 19(19) 20(20) 21(21) 22(22) 23(23) 24(24) 25(25) 26(26) 27(27) 28(28) 29(29) 30(30) 31(31) 32(32) 33(33) 34(34) 35(35) 36(36) 37(37) 38(38) 39(39) 40(40) 41(41) 42(42) 43(43) 44(44) 45(45) 46(46) 47(47) 48(48) 49(49) 50(50) 51(51) 52(52) 53(53) 54(54) 55(55) 56(56) 57(57) 58(58) 59(59) 60(60) 61(61) 62(62) 63(63) 64(64) 65(65) 66(66) 67(67) 68(68) 69(69) 70(70) 71(71) 72(72) 73(73) 74(74) 75(75) 76(76) 77(77) 78(78) 79(79) 80(80) 81(81) 82(82) 83(83) 84(84) 85(85) 86(86) 87(87) 88(88) 89(89) 90(90) 91(91) 92(92) 93(93) 94(94) 95(95) 96(96) 97(97) 98(98) 99(99) 100(100) 101(101) 102(102) 103(103) 104(104) 105(105) 106(106) 107(107) 108(108) 109(109) 110(110) 111(111) 112(112) 113(113) 114(114) 115(115) 116(116) 117(117) 118(118) 119(119) 120(120) 121(121) 122(122) 123(123) 124(124) 125(125) 126(126) 127(127) 128(128) 129(129) 130(130) 131(131) 132(132) 133(133) 134(134) 135(135) 136(136) 137(137) 138(138) 139(139) 140(140) 141(141) 142(142) 143(143) 144(144) 145(145) 146(146) 147(147) 148(148) 149(149) 150(150) 151(151) 152(152) 153(153) 154(154) 155(155) 156(156) 157(157) 158(158) 159(159) 160(160) 161(161) 162(162) 163(163) 164(164) 165(165) 166(166) 167(167) 168(168) 169(169) 170(170) 171(171) 172(172) 173(173) 174(174) 175(175) 176(176) 177(177) 178(178) 179(179) 180(180) 181(181) 182(182) 183(183) 184(184) 185(185) 186(186) 187(187) 188(188) 189(189) 190(190) 191(191) 192(192) 193(193) 194(194) 195(195) 196(196) 197(197) 198(198) 199(199) 200(200) 
Population's average fitness: 746.82000 stdev: 3739.29939
Best fitness: 26202.00000 - size: (6, 510) - species 4 - id 112
Average adjusted fitness: 0.041
Mean genetic distance 2.436, standard deviation 0.275
Population of 201 members in 10 species:
   ID   age  size  fitness  adj fit  stag
  ====  ===  ====  =======  =======  ====
     1    0    47   1091.7    0.064     0
     2    0    32   1289.7    0.072     0
     3    0    22   -349.1    0.010     0
     4    0    50    761.5    0.052     0
     5    0     5   -504.7    0.005     0
     6    0    11       --       --     0
     7    0    12       --       --     0
     8    0     1       --       --     0
     9    0     6       --       --     0
    10    0    15       --       --     0
Total extinctions: 0
Generation time: 26.129 sec

 ****** Running generation 1 ****** 

Genomes evaluated: 129(1) 159(2) 201(3) 202(4) 50(5) 158(6) 203(7) 204(8) 205(9) 206(10) 207(11) 208(12) 209(13) 210(14) 211(15) 212(16) 213(17) 214(18) 215(19) 216(20) 217(21) 218(22) 219(23) 112(24) 194(25) 220(26) 221(27) 222(28) 223(29) 224(30) 225(31) 226(32) 227(33) 228(34) 229(35) 230(36) 231(37) 232(38) 233(39) 234(40) 235(41) 236(42) 237(43) 238(44) 239(45) 240(46) 241(47) 242(48) 243(49) 244(50) 245(51) 246(52) 247(53) 248(54) 249(55) 250(56) 251(57) 252(58) 253(59) 254(60) 255(61) 256(62) 257(63) 258(64) 259(65) 260(66) 261(67) 262(68) 263(69) 264(70) 265(71) 266(72) 267(73) 268(74) 269(75) 270(76) 271(77) 272(78) 273(79) 274(80) 275(81) 276(82) 277(83) 278(84) 279(85) 280(86) 281(87) 282(88) 283(89) 284(90) 285(91) 286(92) 287(93) 288(94) 289(95) 17(96) 143(97) 290(98) 291(99) 292(100) 293(101) 294(102) 295(103) 296(104) 297(105) 298(106) 299(107) 300(108) 301(109) 302(110) 303(111) 304(112) 305(113) 306(114) 307(115) 308(116) 309(117) 310(118) 311(119) 312(120) 313(121) 314(122) 315(123) 316(124) 317(125) 318(126) 319(127) 320(128) 321(129) 322(130) 323(131) 324(132) 325(133) 326(134) 327(135) 328(136) 329(137) 330(138) 331(139) 332(140) 333(141) 334(142) 335(143) 336(144) 337(145) 338(146) 339(147) 340(148) 341(149) 45(150) 60(151) 342(152) 343(153) 344(154) 345(155) 346(156) 347(157) 348(158) 349(159) 350(160) 351(161) 352(162) 353(163) 354(164) 355(165) 356(166) 357(167) 358(168) 359(169) 360(170) 361(171) 362(172) 363(173) 364(174) 365(175) 366(176) 367(177) 368(178) 369(179) 370(180) 371(181) 372(182) 373(183) 374(184) 375(185) 376(186) 377(187) 378(188) 379(189) 380(190) 381(191) 382(192) 383(193) 384(194) 385(195) 386(196) 387(197) 388(198) 389(199) 390(200) 391(201) 
Population's average fitness: 2495.56219 stdev: 4962.34441
Best fitness: 26202.00000 - size: (6, 510) - species 4 - id 112
Average adjusted fitness: 0.104
Mean genetic distance 2.458, standard deviation 0.373
Population of 202 members in 12 species:
   ID   age  size  fitness  adj fit  stag
  ====  ===  ====  =======  =======  ====
     1    1    11   2949.8    0.131     0
     2    1    31   2386.0    0.110     0
     3    1     7   1137.7    0.064     0
     4    1    28   2510.1    0.115     0
     5    1     2   2111.6    0.100     0
     6    1    30   4731.8    0.198     0
     7    1     8   1330.2    0.071     0
     8    1     8   -500.0    0.002     0
     9    1    32   2939.3    0.131     0
    10    1    34   2691.6    0.122     0
    11    0     5       --       --     0
    12    0     6       --       --     0
Total extinctions: 0
Generation time: 38.403 sec (32.266 average)
Saving checkpoint to /mnt/d/Data/Cloud/OneDrive/UFABC/Computacao/IA/super-mario-world-pbacellar/super-intelligent-mario/results/checkpoints/neat-checkpoint-1

 ****** Running generation 2 ****** 

Genomes evaluated: 286(1) 392(2) 60(3) 326(4) 393(5) 394(6) 395(7) 396(8) 397(9) 398(10) 399(11) 400(12) 401(13) 402(14) 403(15) 404(16) 405(17) 406(18) 407(19) 283(20) 234(21) 408(22) 409(23) 410(24) 411(25) 412(26) 413(27) 414(28) 415(29) 416(30) 417(31) 418(32) 17(33) 129(34) 419(35) 420(36) 421(37) 422(38) 423(39) 424(40) 425(41) 426(42) 427(43) 428(44) 45(45) 354(46) 429(47) 430(48) 431(49) 432(50) 433(51) 434(52) 435(53) 436(54) 437(55) 438(56) 439(57) 440(58) 441(59) 442(60) 443(61) 444(62) 445(63) 446(64) 447(65) 448(66) 449(67) 450(68) 451(69) 452(70) 453(71) 112(72) 194(73) 454(74) 455(75) 456(76) 457(77) 458(78) 459(79) 460(80) 461(81) 462(82) 463(83) 464(84) 465(85) 466(86) 467(87) 468(88) 469(89) 470(90) 471(91) 472(92) 473(93) 474(94) 475(95) 476(96) 477(97) 478(98) 479(99) 480(100) 481(101) 482(102) 483(103) 484(104) 485(105) 486(106) 487(107) 325(108) 337(109) 488(110) 489(111) 490(112) 491(113) 492(114) 493(115) 494(116) 495(117) 496(118) 497(119) 498(120) 499(121) 500(122) 501(123) 502(124) 503(125) 504(126) 336(127) 305(128) 505(129) 506(130) 507(131) 508(132) 509(133) 510(134) 511(135) 512(136) 513(137) 514(138) 515(139) 516(140) 517(141) 518(142) 272(143) 143(144) 519(145) 520(146) 521(147) 522(148) 523(149) 524(150) 525(151) 526(152) 527(153) 528(154) 529(155) 530(156) 531(157) 532(158) 533(159) 534(160) 535(161) 536(162) 537(163) 538(164) 539(165) 540(166) 541(167) 542(168) 543(169) 544(170) 545(171) 546(172) 547(173) 548(174) 549(175) 550(176) 551(177) 552(178) 242(179) 224(180) 553(181) 554(182) 555(183) 556(184) 557(185) 558(186) 559(187) 560(188) 561(189) 562(190) 563(191) 564(192) 565(193) 566(194) 567(195) 568(196) 569(197) 570(198) 571(199) 572(200) 573(201) 574(202) 
Population's average fitness: 5214.56436 stdev: 6696.30462
Best fitness: 26202.00000 - size: (6, 510) - species 2 - id 112
Average adjusted fitness: 0.178
Mean genetic distance 2.479, standard deviation 0.445
Population of 203 members in 12 species:
   ID   age  size  fitness  adj fit  stag
  ====  ===  ====  =======  =======  ====
     1    2    19   7045.8    0.283     0
     2    2    28   7144.6    0.286     0
     3    2     8   -370.9    0.005     1
     4    2    14   3617.6    0.154     0
     5    2     2   -500.0    0.000     1
     6    2    31   8870.9    0.351     0
     7    2     6    239.8    0.028     1
     8    2    19   8290.0    0.329     0
     9    2    25   3804.8    0.161     0
    10    2    28   4507.9    0.188     0
    11    1     9   2636.0    0.117     0
    12    1    14   5681.7    0.232     0
Total extinctions: 0
Generation time: 62.212 sec (42.248 average)

 ****** Running generation 3 ****** 

Genomes evaluated: 129(1) 427(2) 403(3) 446(4) 575(5) 576(6) 577(7) 460(8) 234(9) 578(10) 579(11) 580(12) 529(13) 470(14) 581(15) 582(16) 583(17) 584(18) 585(19) 586(20) 466(21) 194(22) 587(23) 588(24) 589(25) 590(26) 591(27) 592(28) 593(29) 594(30) 595(31) 596(32) 597(33) 598(34) 599(35) 600(36) 601(37) 602(38) 603(39) 604(40) 605(41) 509(42) 143(43) 606(44) 607(45) 608(46) 609(47) 610(48) 611(49) 612(50) 613(51) 614(52) 615(53) 616(54) 617(55) 618(56) 619(57) 620(58) 621(59) 622(60) 623(61) 624(62) 625(63) 626(64) 627(65) 424(66) 17(67) 628(68) 629(69) 630(70) 631(71) 632(72) 633(73) 634(74) 635(75) 636(76) 637(77) 638(78) 639(79) 640(80) 641(81) 642(82) 643(83) 644(84) 645(85) 646(86) 647(87) 648(88) 649(89) 650(90) 651(91) 406(92) 399(93) 652(94) 653(95) 654(96) 655(97) 656(98) 657(99) 658(100) 659(101) 660(102) 661(103) 662(104) 663(105) 541(106) 272(107) 664(108) 665(109) 666(110) 667(111) 668(112) 669(113) 670(114) 671(115) 672(116) 673(117) 674(118) 675(119) 676(120) 677(121) 678(122) 679(123) 680(124) 112(125) 45(126) 681(127) 682(128) 683(129) 684(130) 685(131) 686(132) 687(133) 688(134) 689(135) 690(136) 691(137) 692(138) 693(139) 694(140) 695(141) 696(142) 697(143) 698(144) 699(145) 700(146) 701(147) 702(148) 703(149) 704(150) 705(151) 706(152) 707(153) 283(154) 392(155) 708(156) 709(157) 710(158) 711(159) 712(160) 713(161) 714(162) 715(163) 716(164) 717(165) 718(166) 719(167) 720(168) 721(169) 722(170) 723(171) 724(172) 559(173) 563(174) 725(175) 726(176) 727(177) 728(178) 729(179) 730(180) 731(181) 732(182) 733(183) 734(184) 735(185) 736(186) 737(187) 738(188) 739(189) 740(190) 741(191) 742(192) 743(193) 744(194) 745(195) 746(196) 747(197) 748(198) 749(199) 750(200) 751(201) 752(202) 753(203) 
Population's average fitness: 6367.99015 stdev: 7128.08171
Best fitness: 26202.00000 - size: (6, 510) - species 2 - id 112
Average adjusted fitness: 0.214
Mean genetic distance 2.490, standard deviation 0.433
Population of 203 members in 13 species:
   ID   age  size  fitness  adj fit  stag
  ====  ===  ====  =======  =======  ====
     1    3    32   9963.8    0.392     0
     2    3     5   6736.8    0.271     1
     3    3    20   -348.5    0.006     2
     4    3    19   4148.0    0.174     0
     5    3     2   -500.0    0.000     2
     6    3    25   6910.3    0.278     1
     7    3     9   4967.3    0.205     0
     8    3    16   8695.9    0.344     0
     9    3    22   7094.9    0.284     0
    10    3    22   5148.2    0.212     0
    11    2     8   1765.8    0.085     1
    12    2    19   8129.7    0.323     0
    13    0     4       --       --     0
Total extinctions: 0
Generation time: 66.881 sec (48.406 average)
Saving checkpoint to /mnt/d/Data/Cloud/OneDrive/UFABC/Computacao/IA/super-mario-world-pbacellar/super-intelligent-mario/results/checkpoints/neat-checkpoint-3

 ****** Running generation 4 ****** 

Genomes evaluated: 129(1) 427(2) 403(3) 576(4) 754(5) 755(6) 756(7) 529(8) 470(9) 757(10) 758(11) 759(12) 760(13) 761(14) 762(15) 603(16) 595(17) 763(18) 764(19) 765(20) 766(21) 767(22) 768(23) 769(24) 770(25) 771(26) 772(27) 773(28) 194(29) 578(30) 774(31) 775(32) 776(33) 777(34) 778(35) 779(36) 780(37) 781(38) 782(39) 643(40) 639(41) 783(42) 784(43) 785(44) 786(45) 787(46) 788(47) 789(48) 790(49) 791(50) 792(51) 793(52) 794(53) 795(54) 796(55) 797(56) 798(57) 799(58) 800(59) 801(60) 802(61) 112(62) 466(63) 803(64) 804(65) 805(66) 806(67) 807(68) 808(69) 809(70) 810(71) 811(72) 812(73) 813(74) 814(75) 815(76) 816(77) 817(78) 818(79) 819(80) 820(81) 821(82) 822(83) 823(84) 824(85) 825(86) 735(87) 559(88) 826(89) 827(90) 828(91) 829(92) 830(93) 831(94) 832(95) 833(96) 834(97) 835(98) 836(99) 837(100) 838(101) 839(102) 840(103) 841(104) 842(105) 843(106) 844(107) 845(108) 846(109) 847(110) 848(111) 609(112) 509(113) 849(114) 850(115) 851(116) 852(117) 853(118) 854(119) 855(120) 856(121) 857(122) 858(123) 859(124) 860(125) 861(126) 862(127) 863(128) 864(129) 865(130) 866(131) 867(132) 868(133) 869(134) 870(135) 654(136) 656(137) 871(138) 872(139) 873(140) 874(141) 875(142) 876(143) 877(144) 878(145) 879(146) 880(147) 881(148) 882(149) 883(150) 884(151) 885(152) 886(153) 887(154) 888(155) 708(156) 283(157) 889(158) 890(159) 891(160) 892(161) 893(162) 894(163) 895(164) 896(165) 897(166) 898(167) 899(168) 900(169) 901(170) 902(171) 903(172) 904(173) 905(174) 906(175) 907(176) 908(177) 909(178) 541(179) 669(180) 910(181) 911(182) 912(183) 913(184) 914(185) 915(186) 916(187) 917(188) 918(189) 919(190) 920(191) 921(192) 922(193) 923(194) 924(195) 925(196) 926(197) 927(198) 928(199) 929(200) 930(201) 931(202) 932(203) 
Population's average fitness: 8253.74384 stdev: 7276.07467
Best fitness: 26202.00000 - size: (6, 510) - species 3 - id 112
Average adjusted fitness: 0.265
Mean genetic distance 2.530, standard deviation 0.433
Population of 202 members in 14 species:
   ID   age  size  fitness  adj fit  stag
  ====  ===  ====  =======  =======  ====
     1    4    24  11601.1    0.453     0
     2    4    13   6912.8    0.278     2
     3    4     3   8814.6    0.349     0
     4    4    12  10444.6    0.410     0
     5    4     2   -500.0    0.000     3
     6    4    22   8230.1    0.327     2
     7    4     8   3568.0    0.152     1
     8    4    21   5744.6    0.234     1
     9    4    17   5413.1    0.221     1
    10    4    21   9019.1    0.356     0
    11    3    10   5030.2    0.207     0
    12    3    26  10943.9    0.429     0
    13    1     3    127.0    0.023     0
    14    0    20       --       --     0
Total extinctions: 0
Generation time: 76.034 sec (53.932 average)

 ****** Running generation 5 ****** 

Genomes evaluated: 129(1) 427(2) 403(3) 756(4) 933(5) 774(6) 578(7) 934(8) 935(9) 936(10) 937(11) 938(12) 939(13) 761(14) 757(15) 940(16) 941(17) 942(18) 943(19) 944(20) 945(21) 946(22) 947(23) 609(24) 509(25) 948(26) 949(27) 950(28) 951(29) 952(30) 953(31) 954(32) 955(33) 956(34) 957(35) 958(36) 959(37) 960(38) 961(39) 962(40) 907(41) 890(42) 963(43) 964(44) 965(45) 966(46) 967(47) 968(48) 969(49) 970(50) 971(51) 972(52) 973(53) 974(54) 975(55) 825(56) 806(57) 976(58) 977(59) 978(60) 979(61) 980(62) 981(63) 982(64) 983(65) 984(66) 837(67) 735(68) 985(69) 986(70) 987(71) 988(72) 989(73) 990(74) 991(75) 992(76) 993(77) 994(78) 995(79) 996(80) 997(81) 998(82) 999(83) 1000(84) 1001(85) 1002(86) 1003(87) 1004(88) 112(89) 810(90) 1005(91) 1006(92) 1007(93) 1008(94) 1009(95) 1010(96) 1011(97) 1012(98) 1013(99) 1014(100) 1015(101) 1016(102) 1017(103) 1018(104) 1019(105) 1020(106) 1021(107) 1022(108) 1023(109) 802(110) 643(111) 1024(112) 1025(113) 1026(114) 1027(115) 1028(116) 1029(117) 1030(118) 1031(119) 1032(120) 1033(121) 1034(122) 1035(123) 1036(124) 1037(125) 1038(126) 1039(127) 1040(128) 1041(129) 1042(130) 466(131) 194(132) 1043(133) 1044(134) 1045(135) 1046(136) 1047(137) 1048(138) 1049(139) 1050(140) 1051(141) 1052(142) 1053(143) 1054(144) 1055(145) 1056(146) 1057(147) 1058(148) 1059(149) 1060(150) 1061(151) 654(152) 871(153) 1062(154) 1063(155) 1064(156) 1065(157) 1066(158) 1067(159) 1068(160) 1069(161) 1070(162) 1071(163) 1072(164) 1073(165) 1074(166) 1075(167) 1076(168) 1077(169) 1078(170) 1079(171) 1080(172) 1081(173) 541(174) 669(175) 1082(176) 1083(177) 1084(178) 1085(179) 1086(180) 1087(181) 1088(182) 1089(183) 1090(184) 1091(185) 1092(186) 1093(187) 1094(188) 1095(189) 1096(190) 1097(191) 1098(192) 1099(193) 1100(194) 1101(195) 1102(196) 1103(197) 1104(198) 1105(199) 1106(200) 1107(201) 1108(202) 
Population's average fitness: 8347.59406 stdev: 7307.83746
Best fitness: 26202.00000 - size: (6, 510) - species 14 - id 112
Average adjusted fitness: 0.299
Mean genetic distance 2.518, standard deviation 0.450
Population of 202 members in 15 species:
   ID   age  size  fitness  adj fit  stag
  ====  ===  ====  =======  =======  ====
     1    5    23  10844.9    0.425     1
     2    5    15   9278.8    0.366     0
     3    5    13  14241.3    0.552     0
     4    5     2   4838.8    0.200     1
     5    5     2   -500.0    0.000     4
     6    5    18   7717.5    0.308     3
     7    5    11   7651.8    0.305     0
     8    5    20  10191.2    0.400     0
     9    5    14   5222.6    0.214     2
    10    5    19   8559.8    0.339     1
    11    4    11   6759.2    0.272     0
    12    4    21   7971.9    0.317     1
    13    2     4   1464.7    0.074     0
    14    1    24  10635.5    0.417     0
    15    0     5       --       --     0
Total extinctions: 0
Generation time: 86.389 sec (59.341 average)
Saving checkpoint to /mnt/d/Data/Cloud/OneDrive/UFABC/Computacao/IA/super-mario-world-pbacellar/super-intelligent-mario/results/checkpoints/neat-checkpoint-5

 ****** Running generation 6 ****** 

Genomes evaluated: 129(1) 427(2) 933(3) 403(4) 1109(5) 1110(6) 194(7) 1057(8) 1111(9) 1112(10) 1113(11) 1114(12) 1115(13) 1116(14) 1117(15) 1118(16) 1119(17) 609(18) 509(19) 1120(20) 1121(21) 1122(22) 1123(23) 1124(24) 1125(25) 1126(26) 1127(27) 1128(28) 1129(29) 1130(30) 1131(31) 761(32) 945(33) 1132(34) 1133(35) 1134(36) 1135(37) 1136(38) 1137(39) 1138(40) 1139(41) 1140(42) 936(43) 774(44) 1141(45) 1142(46) 1143(47) 1144(48) 1145(49) 1146(50) 1147(51) 1148(52) 1149(53) 837(54) 735(55) 1150(56) 1151(57) 1152(58) 1153(59) 1154(60) 1155(61) 1156(62) 1157(63) 1158(64) 1159(65) 1160(66) 1161(67) 1162(68) 1163(69) 1164(70) 1165(71) 1075(72) 1020(73) 1166(74) 1167(75) 1168(76) 1169(77) 1170(78) 1171(79) 1172(80) 1173(81) 1174(82) 1175(83) 1176(84) 1177(85) 1178(86) 1179(87) 1180(88) 1181(89) 1182(90) 1183(91) 1184(92) 1039(93) 802(94) 1185(95) 1186(96) 1187(97) 1188(98) 1189(99) 1190(100) 1191(101) 1192(102) 1193(103) 1194(104) 1195(105) 1196(106) 1197(107) 1198(108) 1199(109) 1200(110) 1201(111) 825(112) 981(113) 1202(114) 1203(115) 1204(116) 1205(117) 1206(118) 1207(119) 1208(120) 1209(121) 1210(122) 1211(123) 1212(124) 1213(125) 1214(126) 1094(127) 969(128) 1215(129) 1216(130) 1217(131) 1218(132) 1219(133) 1220(134) 1221(135) 1222(136) 1223(137) 1224(138) 1225(139) 1226(140) 1227(141) 1228(142) 1229(143) 1230(144) 1231(145) 1232(146) 112(147) 466(148) 1233(149) 1234(150) 1235(151) 1236(152) 1237(153) 1238(154) 1239(155) 1240(156) 1241(157) 1242(158) 1243(159) 1244(160) 1245(161) 1246(162) 1247(163) 1248(164) 1249(165) 541(166) 1086(167) 1250(168) 1251(169) 1252(170) 1253(171) 1254(172) 1255(173) 1256(174) 1257(175) 1258(176) 1259(177) 1260(178) 1261(179) 1262(180) 1263(181) 1264(182) 1265(183) 1266(184) 1267(185) 1268(186) 1269(187) 1006(188) 1014(189) 1270(190) 1271(191) 1272(192) 1273(193) 1274(194) 1275(195) 1276(196) 1277(197) 1278(198) 1279(199) 1280(200) 1281(201) 1282(202) 
Population's average fitness: 8190.71287 stdev: 7532.76325
Best fitness: 26202.00000 - size: (6, 510) - species 14 - id 112
Average adjusted fitness: 0.278
Mean genetic distance 2.568, standard deviation 0.479
Population of 203 members in 15 species:
   ID   age  size  fitness  adj fit  stag
  ====  ===  ====  =======  =======  ====
     1    6    21  10245.1    0.403     2
     2    6    14   6978.5    0.281     1
     3    6    17  11034.5    0.432     1
     4    6     3   1619.0    0.080     2
     5    6     2   -500.0    0.001     5
     6    6    17   8376.2    0.333     4
     7    6    16  10663.3    0.418     0
     8    6    19  10126.8    0.398     1
     9    6    11   4001.9    0.169     3
    10    6    20  10466.7    0.411     0
    11    5    12   7259.5    0.291     0
    12    5    20   9494.9    0.375     2
    13    3     5   2073.0    0.097     0
    14    2    15   5117.7    0.211     1
    15    1    11   6532.4    0.264     0
Total extinctions: 0
Generation time: 73.609 sec (61.380 average)

 ****** Running generation 7 ****** 

Genomes evaluated: 129(1) 427(2) 1118(3) 1119(4) 1283(5) 1109(6) 933(7) 1284(8) 1285(9) 1286(10) 609(11) 509(12) 1287(13) 1288(14) 1289(15) 1290(16) 1291(17) 1292(18) 1293(19) 1294(20) 1295(21) 112(22) 466(23) 1296(24) 1297(25) 1298(26) 1299(27) 1300(28) 1301(29) 1302(30) 1303(31) 1304(32) 1305(33) 1306(34) 1307(35) 1308(36) 1309(37) 1310(38) 194(39) 1116(40) 1311(41) 1312(42) 1313(43) 1314(44) 1315(45) 1316(46) 1317(47) 825(48) 981(49) 1318(50) 1319(51) 1320(52) 1321(53) 1322(54) 1323(55) 1324(56) 1325(57) 1326(58) 1327(59) 1328(60) 1329(61) 1135(62) 761(63) 1330(64) 1331(65) 1332(66) 1333(67) 1334(68) 1335(69) 1336(70) 1337(71) 1338(72) 1339(73) 837(74) 735(75) 1340(76) 1341(77) 1342(78) 1343(79) 1344(80) 1345(81) 1346(82) 1347(83) 1348(84) 1349(85) 1350(86) 1351(87) 1352(88) 1353(89) 1354(90) 1075(91) 1173(92) 1355(93) 1356(94) 1357(95) 1358(96) 1359(97) 1360(98) 1361(99) 1362(100) 1363(101) 1364(102) 1365(103) 1366(104) 1367(105) 1368(106) 1369(107) 1370(108) 1371(109) 1372(110) 1094(111) 969(112) 1373(113) 1374(114) 1375(115) 1376(116) 1377(117) 1378(118) 1379(119) 1380(120) 1381(121) 1382(122) 1383(123) 1384(124) 1385(125) 1386(126) 1387(127) 1388(128) 1389(129) 1259(130) 541(131) 1390(132) 1391(133) 1392(134) 1393(135) 1394(136) 1395(137) 1396(138) 1397(139) 1398(140) 1399(141) 1400(142) 1401(143) 1402(144) 1403(145) 1404(146) 1405(147) 1406(148) 1407(149) 1408(150) 802(151) 1039(152) 1409(153) 1410(154) 1411(155) 1412(156) 1413(157) 1414(158) 1415(159) 1416(160) 1417(161) 1418(162) 1419(163) 1420(164) 1421(165) 1422(166) 1423(167) 1424(168) 1425(169) 1426(170) 1142(171) 1145(172) 1427(173) 1428(174) 1429(175) 1430(176) 1431(177) 1432(178) 1433(179) 1434(180) 1435(181) 1436(182) 1437(183) 1438(184) 1439(185) 1440(186) 1273(187) 1006(188) 1441(189) 1442(190) 1443(191) 1444(192) 1445(193) 1446(194) 1447(195) 1448(196) 1449(197) 1450(198) 1451(199) 1452(200) 1453(201) 1454(202) 1455(203) 
Population's average fitness: 9806.61084 stdev: 7555.58293
Best fitness: 26220.00000 - size: (7, 367) - species 10 - id 1422
Average adjusted fitness: 0.333
Mean genetic distance 2.568, standard deviation 0.498
Population of 198 members in 15 species:
   ID   age  size  fitness  adj fit  stag
  ====  ===  ====  =======  =======  ====
     1    7    22  14443.9    0.559     0
     2    7    13   8713.1    0.345     2
     3    7    18  12597.1    0.490     2
     4    7     6   5312.0    0.218     3
     5    7     2   -500.0    0.000     6
     6    7    16  10353.1    0.406     0
     7    7    14   7240.0    0.290     1
     8    7    17  10020.9    0.394     2
     9    7    15  12632.5    0.491     0
    10    7    17   8852.0    0.350     1
    11    6    11   6049.5    0.245     1
    12    6    19  12789.0    0.497     0
    13    4     4   2425.6    0.109     0
    14    3    14   8582.1    0.340     2
    15    2    10   6261.6    0.253     1
Total extinctions: 0
Generation time: 82.993 sec (64.081 average)
Saving checkpoint to /mnt/d/Data/Cloud/OneDrive/UFABC/Computacao/IA/super-mario-world-pbacellar/super-intelligent-mario/results/checkpoints/neat-checkpoint-7

 ****** Running generation 8 ****** 

Genomes evaluated: 129(1) 427(2) 1109(3) 1284(4) 1456(5) 1457(6) 1283(7) 1118(8) 1458(9) 1459(10) 1460(11) 1461(12) 1333(13) 1336(14) 1462(15) 1463(16) 1464(17) 1465(18) 1466(19) 1467(20) 1468(21) 1469(22) 1470(23) 1311(24) 194(25) 1471(26) 1472(27) 1473(28) 1474(29) 1475(30) 1476(31) 1477(32) 1478(33) 1432(34) 1437(35) 1479(36) 1480(37) 1481(38) 1482(39) 1483(40) 1484(41) 1485(42) 1486(43) 1487(44) 1488(45) 1489(46) 1490(47) 112(48) 1296(49) 1491(50) 1492(51) 1493(52) 1494(53) 1495(54) 1496(55) 1497(56) 1498(57) 1499(58) 1500(59) 1501(60) 1502(61) 825(62) 1326(63) 1503(64) 1504(65) 1505(66) 1506(67) 1507(68) 1508(69) 1509(70) 1510(71) 1511(72) 1512(73) 1513(74) 1422(75) 802(76) 1514(77) 1515(78) 1516(79) 1517(80) 1518(81) 1519(82) 1520(83) 1521(84) 1522(85) 1523(86) 1524(87) 1525(88) 1526(89) 1527(90) 1528(91) 1094(92) 969(93) 1529(94) 1530(95) 1531(96) 1532(97) 1533(98) 1534(99) 1535(100) 1536(101) 1537(102) 1538(103) 1539(104) 1540(105) 1541(106) 1542(107) 1543(108) 837(109) 735(110) 1544(111) 1545(112) 1546(113) 1547(114) 1548(115) 1549(116) 1550(117) 1551(118) 1552(119) 1553(120) 1554(121) 1555(122) 1556(123) 1557(124) 1273(125) 1448(126) 1558(127) 1559(128) 1560(129) 1561(130) 1562(131) 1563(132) 1564(133) 1565(134) 1566(135) 1567(136) 1568(137) 1569(138) 1570(139) 1571(140) 1572(141) 1573(142) 1288(143) 609(144) 1574(145) 1575(146) 1576(147) 1577(148) 1578(149) 1579(150) 1580(151) 1581(152) 1582(153) 1583(154) 1584(155) 1585(156) 1586(157) 1360(158) 1372(159) 1587(160) 1588(161) 1589(162) 1590(163) 1591(164) 1592(165) 1593(166) 1594(167) 1595(168) 1596(169) 1597(170) 1598(171) 1599(172) 1600(173) 1601(174) 1602(175) 1603(176) 1259(177) 541(178) 1604(179) 1605(180) 1606(181) 1607(182) 1608(183) 1609(184) 1610(185) 1611(186) 1612(187) 1613(188) 1614(189) 1615(190) 1616(191) 1617(192) 1618(193) 1619(194) 1620(195) 1621(196) 1622(197) 1623(198) 
Population's average fitness: 8586.75758 stdev: 7735.02023
Best fitness: 26232.00000 - size: (7, 332) - species 6 - id 1548
Average adjusted fitness: 0.304
Mean genetic distance 2.580, standard deviation 0.484
Population of 201 members in 15 species:
   ID   age  size  fitness  adj fit  stag
  ====  ===  ====  =======  =======  ====
     1    8    18   8071.4    0.321     1
     2    8    14   7780.2    0.310     3
     3    8    20  12759.9    0.496     3
     4    8    11   8886.7    0.351     4
     5    8     2   -500.0    0.000     7
     6    8    15   8715.6    0.345     1
     7    8    12   5119.0    0.210     2
     8    8    19  11936.0    0.465     0
     9    8    16   9606.4    0.378     1
    10    8    16   9434.2    0.372     2
    11    7     9   4059.5    0.171     2
    12    7    17   8392.5    0.333     1
    13    5     6   3839.0    0.162     0
    14    4    15   9756.4    0.384     3
    15    3    11   6490.4    0.261     2
Total extinctions: 0
Generation time: 76.160 sec (65.423 average)

 ****** Running generation 9 ****** 

Genomes evaluated: 129(1) 427(2) 1456(3) 1109(4) 1624(5) 1625(6) 1626(7) 1627(8) 1333(9) 1463(10) 1628(11) 1629(12) 1630(13) 1631(14) 1632(15) 1633(16) 1634(17) 1432(18) 1437(19) 1635(20) 1636(21) 1637(22) 1638(23) 1639(24) 1640(25) 1641(26) 1642(27) 1643(28) 1644(29) 1311(30) 194(31) 1645(32) 1646(33) 1647(34) 1648(35) 1649(36) 1650(37) 1651(38) 1652(39) 1653(40) 1512(41) 825(42) 1654(43) 1655(44) 1656(45) 1657(46) 1658(47) 1659(48) 1660(49) 1661(50) 1662(51) 1663(52) 1664(53) 1665(54) 1259(55) 541(56) 1666(57) 1667(58) 1668(59) 1669(60) 1670(61) 1671(62) 1672(63) 1673(64) 1674(65) 1675(66) 1676(67) 1677(68) 1678(69) 1679(70) 1680(71) 1681(72) 1360(73) 1372(74) 1682(75) 1683(76) 1684(77) 1685(78) 1686(79) 1687(80) 1688(81) 1689(82) 1690(83) 1691(84) 1692(85) 1693(86) 1694(87) 1695(88) 1696(89) 1548(90) 837(91) 1697(92) 1698(93) 1699(94) 1700(95) 1701(96) 1702(97) 1703(98) 1704(99) 1705(100) 1706(101) 1707(102) 1708(103) 1709(104) 1283(105) 1458(106) 1710(107) 1711(108) 1712(109) 1713(110) 1714(111) 1715(112) 1716(113) 1717(114) 1718(115) 1422(116) 1528(117) 1719(118) 1720(119) 1721(120) 1722(121) 1723(122) 1724(123) 1725(124) 1726(125) 1727(126) 1728(127) 1729(128) 1730(129) 1731(130) 1732(131) 1576(132) 1288(133) 1733(134) 1734(135) 1735(136) 1736(137) 1737(138) 1738(139) 1739(140) 1740(141) 1741(142) 1742(143) 1743(144) 1744(145) 1745(146) 1746(147) 112(148) 1296(149) 1747(150) 1748(151) 1749(152) 1750(153) 1751(154) 1752(155) 1753(156) 1754(157) 1755(158) 1756(159) 1757(160) 1758(161) 1759(162) 1094(163) 969(164) 1760(165) 1761(166) 1762(167) 1763(168) 1764(169) 1765(170) 1766(171) 1767(172) 1768(173) 1769(174) 1770(175) 1771(176) 1772(177) 1773(178) 1774(179) 1775(180) 1776(181) 1273(182) 1559(183) 1777(184) 1778(185) 1779(186) 1780(187) 1781(188) 1782(189) 1783(190) 1784(191) 1785(192) 1786(193) 1787(194) 1788(195) 1789(196) 1790(197) 1791(198) 1792(199) 1793(200) 1794(201) 
Population's average fitness: 9985.92040 stdev: 7906.98711
Best fitness: 26232.00000 - size: (7, 332) - species 6 - id 1548
Average adjusted fitness: 0.350
Mean genetic distance 2.571, standard deviation 0.480
Population of 202 members in 15 species:
   ID   age  size  fitness  adj fit  stag
  ====  ===  ====  =======  =======  ====
     1    9    17  10259.8    0.403     2
     2    9    13   7918.6    0.315     4
     3    9    18  10736.2    0.420     4
     4    9    13   9945.8    0.391     5
     5    9     2   -500.0    0.000     8
     6    9    12   6502.4    0.262     2
     7    9    14  11168.7    0.437     0
     8    9    20  14129.4    0.547     0
     9    9    17  12209.0    0.475     2
    10    9    15   9782.4    0.385     3
    11    8    11   8134.9    0.323     0
    12    8    18  11828.0    0.461     2
    13    6     4   1350.0    0.069     1
    14    5    16  10300.1    0.404     4
    15    4    12   9066.7    0.358     0
Total extinctions: 0
Generation time: 83.679 sec (67.249 average)
Saving checkpoint to /mnt/d/Data/Cloud/OneDrive/UFABC/Computacao/IA/super-mario-world-pbacellar/super-intelligent-mario/results/checkpoints/neat-checkpoint-9

 ****** Running generation 10 ****** 

Genomes evaluated: 129(1) 427(2) 1456(3) 1109(4) 1795(5) 1796(6) 1548(7) 837(8) 1797(9) 1798(10) 1799(11) 1800(12) 1801(13) 1802(14) 1803(15) 1804(16) 1805(17) 1806(18) 1661(19) 1512(20) 1807(21) 1808(22) 1809(23) 1810(24) 1811(25) 1812(26) 1813(27) 1814(28) 1815(29) 1816(30) 1817(31) 1333(32) 1463(33) 1818(34) 1819(35) 1820(36) 1821(37) 1822(38) 1823(39) 1824(40) 1825(41) 1826(42) 1646(43) 1311(44) 1827(45) 1828(46) 1829(47) 1830(48) 1831(49) 1832(50) 1833(51) 1834(52) 1835(53) 1836(54) 1422(55) 1528(56) 1837(57) 1838(58) 1839(59) 1840(60) 1841(61) 1842(62) 1843(63) 1844(64) 1845(65) 1846(66) 1847(67) 1848(68) 1849(69) 1717(70) 1718(71) 1850(72) 1851(73) 1852(74) 1853(75) 1854(76) 1855(77) 1856(78) 1857(79) 1858(80) 1859(81) 1860(82) 1678(83) 1259(84) 1861(85) 1862(86) 1863(87) 1864(88) 1865(89) 1866(90) 1867(91) 1868(92) 1869(93) 1870(94) 1871(95) 1872(96) 1873(97) 1874(98) 1875(99) 112(100) 1296(101) 1876(102) 1877(103) 1878(104) 1879(105) 1880(106) 1881(107) 1882(108) 1883(109) 1884(110) 1885(111) 1886(112) 1887(113) 1888(114) 1889(115) 1273(116) 1559(117) 1890(118) 1891(119) 1892(120) 1893(121) 1894(122) 1895(123) 1896(124) 1897(125) 1898(126) 1899(127) 1900(128) 1901(129) 1902(130) 1903(131) 1904(132) 1905(133) 1432(134) 1635(135) 1906(136) 1907(137) 1908(138) 1909(139) 1910(140) 1911(141) 1912(142) 1913(143) 1914(144) 1915(145) 1916(146) 1917(147) 1360(148) 1372(149) 1918(150) 1919(151) 1920(152) 1921(153) 1922(154) 1923(155) 1924(156) 1925(157) 1926(158) 1927(159) 1928(160) 1929(161) 1930(162) 1931(163) 1932(164) 1933(165) 1288(166) 1576(167) 1934(168) 1935(169) 1936(170) 1937(171) 1938(172) 1939(173) 1940(174) 1941(175) 1942(176) 1943(177) 1944(178) 1945(179) 1946(180) 1947(181) 1948(182) 1774(183) 1094(184) 1949(185) 1950(186) 1951(187) 1952(188) 1953(189) 1954(190) 1955(191) 1956(192) 1957(193) 1958(194) 1959(195) 1960(196) 1961(197) 1962(198) 1963(199) 1964(200) 1965(201) 1966(202) 
Population's average fitness: 9706.04950 stdev: 7621.78354
Best fitness: 26558.00000 - size: (6, 357) - species 2 - id 1808
Average adjusted fitness: 0.337
Mean genetic distance 2.623, standard deviation 0.480
Population of 202 members in 15 species:
   ID   age  size  fitness  adj fit  stag
  ====  ===  ====  =======  =======  ====
     1   10    18  11601.8    0.448     3
     2   10    14   8891.4    0.348     5
     3   10    16   9488.3    0.370     5
     4   10    12   7888.2    0.311     6
     5   10     2   -500.0    0.002     9
     6   10    11   6936.0    0.276     3
     7   10    15  10162.1    0.395     1
     8   10    19  12228.9    0.471     1
     9   10    15   8807.3    0.345     3
    10   10    14   8770.9    0.344     4
    11    9    14  11107.1    0.430     0
    12    9    20  14341.8    0.549     0
    13    7     5   2277.0    0.104     2
    14    6    14   8123.1    0.320     5
    15    5    13   8724.3    0.342     1
Total extinctions: 0
Generation time: 76.603 sec (72.296 average)

 ****** Running generation 11 ****** 

Genomes evaluated: 129(1) 427(2) 1456(3) 1109(4) 1967(5) 1968(6) 1969(7) 1548(8) 837(9) 1970(10) 1971(11) 1972(12) 1973(13) 1974(14) 1975(15) 1976(16) 1977(17) 1978(18) 1717(19) 1718(20) 1979(21) 1980(22) 1981(23) 1982(24) 1983(25) 1984(26) 1985(27) 1986(28) 1987(29) 1988(30) 112(31) 1296(32) 1989(33) 1990(34) 1991(35) 1992(36) 1993(37) 1994(38) 1995(39) 1996(40) 1997(41) 1998(42) 1999(43) 2000(44) 1646(45) 1311(46) 2001(47) 2002(48) 2003(49) 2004(50) 2005(51) 2006(52) 2007(53) 2008(54) 2009(55) 2010(56) 2011(57) 1422(58) 1528(59) 2012(60) 2013(61) 2014(62) 2015(63) 2016(64) 2017(65) 2018(66) 2019(67) 2020(68) 2021(69) 2022(70) 2023(71) 1288(72) 1576(73) 2024(74) 2025(75) 2026(76) 2027(77) 2028(78) 2029(79) 2030(80) 2031(81) 2032(82) 2033(83) 2034(84) 2035(85) 2036(86) 1808(87) 1661(88) 2037(89) 2038(90) 2039(91) 2040(92) 2041(93) 2042(94) 2043(95) 2044(96) 2045(97) 2046(98) 2047(99) 2048(100) 1273(101) 1559(102) 2049(103) 2050(104) 2051(105) 2052(106) 2053(107) 2054(108) 2055(109) 2056(110) 2057(111) 2058(112) 2059(113) 2060(114) 2061(115) 2062(116) 1432(117) 1635(118) 2063(119) 2064(120) 2065(121) 2066(122) 2067(123) 2068(124) 2069(125) 2070(126) 2071(127) 2072(128) 2073(129) 2074(130) 2075(131) 1333(132) 1463(133) 2076(134) 2077(135) 2078(136) 2079(137) 2080(138) 2081(139) 2082(140) 2083(141) 2084(142) 2085(143) 2086(144) 2087(145) 1678(146) 1259(147) 2088(148) 2089(149) 2090(150) 2091(151) 2092(152) 2093(153) 2094(154) 2095(155) 2096(156) 2097(157) 2098(158) 2099(159) 2100(160) 2101(161) 2102(162) 2103(163) 1774(164) 1094(165) 2104(166) 2105(167) 2106(168) 2107(169) 2108(170) 2109(171) 2110(172) 2111(173) 2112(174) 2113(175) 2114(176) 2115(177) 2116(178) 2117(179) 2118(180) 2119(181) 2120(182) 1360(183) 1372(184) 2121(185) 2122(186) 2123(187) 2124(188) 2125(189) 2126(190) 2127(191) 2128(192) 2129(193) 2130(194) 2131(195) 2132(196) 2133(197) 2134(198) 2135(199) 2136(200) 2137(201) 2138(202) 
Population's average fitness: 9275.79208 stdev: 7892.23966
Best fitness: 26558.00000 - size: (6, 357) - species 2 - id 1808
Average adjusted fitness: 0.326
Mean genetic distance 2.617, standard deviation 0.509
Population of 201 members in 15 species:
   ID   age  size  fitness  adj fit  stag
  ====  ===  ====  =======  =======  ====
     1   11    17  11379.2    0.439     4
     2   11    16  11633.0    0.448     0
     3   11    19  13495.9    0.517     6
     4   11    11   6945.0    0.275     7
     5   11     2   -500.0    0.000    10
     6   11    15  11890.7    0.458     0
     7   11    12   5387.2    0.218     2
     8   11    20  13357.8    0.512     2
     9   11    12   5343.3    0.216     4
    10   11    15   9718.1    0.378     5
    11   10    13   7372.3    0.291     1
    12   10    17   8813.7    0.344     1
    13    8     4   2336.4    0.105     3
    14    7    12   6003.0    0.240     6
    15    6    16  11610.0    0.448     0
Total extinctions: 0
Generation time: 75.681 sec (76.024 average)
Saving checkpoint to /mnt/d/Data/Cloud/OneDrive/UFABC/Computacao/IA/super-mario-world-pbacellar/super-intelligent-mario/results/checkpoints/neat-checkpoint-11

 ****** Running generation 12 ****** 

Genomes evaluated: 129(1) 427(2) 1456(3) 1109(4) 2139(5) 2140(6) 1288(7) 1576(8) 2141(9) 2142(10) 2143(11) 2144(12) 2145(13) 2146(14) 2147(15) 2148(16) 2149(17) 2150(18) 1432(19) 2074(20) 2151(21) 2152(22) 2153(23) 2154(24) 2155(25) 2156(26) 2157(27) 2158(28) 2159(29) 2160(30) 112(31) 1296(32) 2161(33) 2162(34) 2163(35) 2164(36) 2165(37) 2166(38) 2167(39) 2168(40) 2169(41) 2170(42) 1717(43) 1718(44) 2171(45) 2172(46) 2173(47) 2174(48) 2175(49) 2176(50) 2177(51) 2178(52) 2179(53) 1333(54) 1463(55) 2180(56) 2181(57) 2182(58) 2183(59) 2184(60) 2185(61) 2186(62) 2187(63) 2188(64) 2189(65) 2190(66) 1360(67) 1372(68) 2191(69) 2192(70) 2193(71) 2194(72) 2195(73) 2196(74) 2197(75) 2198(76) 2199(77) 2200(78) 2201(79) 2202(80) 2203(81) 2204(82) 2205(83) 1422(84) 1528(85) 2206(86) 2207(87) 2208(88) 2209(89) 2210(90) 2211(91) 2212(92) 2213(93) 2214(94) 2215(95) 2216(96) 2217(97) 2218(98) 1678(99) 1259(100) 2219(101) 2220(102) 2221(103) 2222(104) 2223(105) 2224(106) 2225(107) 2226(108) 2227(109) 2228(110) 2229(111) 2230(112) 2231(113) 2232(114) 2233(115) 1646(116) 1311(117) 2234(118) 2235(119) 2236(120) 2237(121) 2238(122) 2239(123) 2240(124) 2241(125) 2242(126) 2243(127) 2244(128) 2245(129) 2246(130) 2247(131) 1808(132) 1661(133) 2248(134) 2249(135) 2250(136) 2251(137) 2252(138) 2253(139) 2254(140) 2255(141) 2256(142) 2257(143) 2258(144) 2259(145) 2260(146) 2261(147) 1548(148) 837(149) 2262(150) 2263(151) 2264(152) 2265(153) 2266(154) 2267(155) 2268(156) 2269(157) 2270(158) 2271(159) 2272(160) 2273(161) 2274(162) 1774(163) 1094(164) 2275(165) 2276(166) 2277(167) 2278(168) 2279(169) 2280(170) 2281(171) 2282(172) 2283(173) 2284(174) 2285(175) 2286(176) 2287(177) 2288(178) 2289(179) 2290(180) 2291(181) 2292(182) 1273(183) 2054(184) 2293(185) 2294(186) 2295(187) 2296(188) 2297(189) 2298(190) 2299(191) 2300(192) 2301(193) 2302(194) 2303(195) 2304(196) 2305(197) 2306(198) 2307(199) 2308(200) 2309(201) 
Population's average fitness: 10371.06468 stdev: 7782.02365
Best fitness: 26558.00000 - size: (6, 357) - species 2 - id 1808
Average adjusted fitness: 0.360
Mean genetic distance 2.609, standard deviation 0.513
Population of 203 members in 15 species:
   ID   age  size  fitness  adj fit  stag
  ====  ===  ====  =======  =======  ====
     1   12    15   8652.2    0.338     5
     2   12    15  10040.5    0.390     1
     3   12    18  11424.2    0.441     7
     4   12    10   5780.2    0.232     8
     5   12     2   -500.0    0.000    11
     6   12    16  11117.6    0.429     1
     7   12    15  12703.8    0.488     0
     8   12    19  12730.3    0.489     3
     9   12    14  11640.5    0.449     5
    10   12    17  12891.9    0.495     0
    11   11    14  10806.9    0.418     2
    12   11    15   8886.5    0.347     2
    13    9     3   2184.0    0.099     4
    14    8    13   8268.8    0.324     7
    15    7    17  11925.2    0.459     0
Total extinctions: 0
Generation time: 81.227 sec (77.926 average)

 ****** Running generation 13 ****** 

Genomes evaluated: 129(1) 427(2) 1456(3) 1109(4) 2310(5) 1717(6) 1718(7) 2311(8) 2312(9) 2313(10) 2314(11) 2315(12) 2316(13) 2317(14) 2318(15) 2163(16) 112(17) 2319(18) 2320(19) 2321(20) 2322(21) 2323(22) 2324(23) 2325(24) 2326(25) 2327(26) 2328(27) 2329(28) 1678(29) 1259(30) 2330(31) 2331(32) 2332(33) 2333(34) 2334(35) 2335(36) 2336(37) 2337(38) 2338(39) 2339(40) 2340(41) 2341(42) 2342(43) 1360(44) 1372(45) 2343(46) 2344(47) 2345(48) 2346(49) 2347(50) 2348(51) 2349(52) 2350(53) 2351(54) 2352(55) 2353(56) 2354(57) 2355(58) 1808(59) 2250(60) 2356(61) 2357(62) 2358(63) 2359(64) 2360(65) 2361(66) 2362(67) 2363(68) 2364(69) 2365(70) 2366(71) 2367(72) 2368(73) 1333(74) 2183(75) 2369(76) 2370(77) 2371(78) 2372(79) 2373(80) 2374(81) 2375(82) 2376(83) 2377(84) 2378(85) 2379(86) 2380(87) 1548(88) 837(89) 2381(90) 2382(91) 2383(92) 2384(93) 2385(94) 2386(95) 2387(96) 2388(97) 2389(98) 2390(99) 2391(100) 2392(101) 2393(102) 2394(103) 1273(104) 2054(105) 2395(106) 2396(107) 2397(108) 2398(109) 2399(110) 2400(111) 2401(112) 2402(113) 2403(114) 2404(115) 2405(116) 2406(117) 2407(118) 2408(119) 2409(120) 2410(121) 1288(122) 1576(123) 2411(124) 2412(125) 2413(126) 2414(127) 2415(128) 2416(129) 2417(130) 2418(131) 2419(132) 2420(133) 2421(134) 2422(135) 1646(136) 2234(137) 2423(138) 2424(139) 2425(140) 2426(141) 2427(142) 2428(143) 2429(144) 2430(145) 2431(146) 2432(147) 2433(148) 2434(149) 2435(150) 2436(151) 2437(152) 1432(153) 2074(154) 2438(155) 2439(156) 2440(157) 2441(158) 2442(159) 2443(160) 2444(161) 2445(162) 2446(163) 2447(164) 2448(165) 2449(166) 2450(167) 2287(168) 1774(169) 2451(170) 2452(171) 2453(172) 2454(173) 2455(174) 2456(175) 2457(176) 2458(177) 2459(178) 2460(179) 2461(180) 2462(181) 2463(182) 2464(183) 2465(184) 2466(185) 2467(186) 1422(187) 1528(188) 2468(189) 2469(190) 2470(191) 2471(192) 2472(193) 2473(194) 2474(195) 2475(196) 2476(197) 2477(198) 2478(199) 2479(200) 2480(201) 2481(202) 2482(203) 
Population's average fitness: 9924.16749 stdev: 8112.24322
Best fitness: 26568.00000 - size: (7, 315) - species 8 - id 2458
Average adjusted fitness: 0.345
Mean genetic distance 2.635, standard deviation 0.519
Population of 203 members in 15 species:
   ID   age  size  fitness  adj fit  stag
  ====  ===  ====  =======  =======  ====
     1   13    16  11702.3    0.451     6
     2   13    18  14208.5    0.543     0
     3   13    19  13046.1    0.500     8
     4   13     9   6093.2    0.244     9
     5   13     2   -500.0    0.000    12
     6   13    17  11542.4    0.445     2
     7   13    14   8590.9    0.336     1
     8   13    18  11770.0    0.453     4
     9   13    15  11306.9    0.436     6
    10   13    15   7907.9    0.311     1
    11   12    13   7497.4    0.295     3
    12   12    16  10759.6    0.416     3
    13   10     5   4553.3    0.187     0
    14    9    10   4822.3    0.197     8
    15    8    16   9327.8    0.363     1
Total extinctions: 0
Generation time: 78.413 sec (79.079 average)
Saving checkpoint to /mnt/d/Data/Cloud/OneDrive/UFABC/Computacao/IA/super-mario-world-pbacellar/super-intelligent-mario/results/checkpoints/neat-checkpoint-13

 ****** Running generation 14 ****** 

Genomes evaluated: 129(1) 427(2) 1456(3) 1109(4) 2483(5) 2484(6) 2485(7) 2163(8) 112(9) 2486(10) 2487(11) 2488(12) 2489(13) 2490(14) 2491(15) 2492(16) 2493(17) 1717(18) 1718(19) 2494(20) 2495(21) 2496(22) 2497(23) 2498(24) 2499(25) 2500(26) 1333(27) 2370(28) 2501(29) 2502(30) 2503(31) 2504(32) 2505(33) 2506(34) 2507(35) 2508(36) 2509(37) 2510(38) 2511(39) 1422(40) 1528(41) 2512(42) 2513(43) 2514(44) 2515(45) 2516(46) 2517(47) 2518(48) 2519(49) 2520(50) 2521(51) 2522(52) 2523(53) 2524(54) 1432(55) 2074(56) 2525(57) 2526(58) 2527(59) 2528(60) 2529(61) 2530(62) 2531(63) 2532(64) 2533(65) 2534(66) 2535(67) 2536(68) 1646(69) 2234(70) 2537(71) 2538(72) 2539(73) 2540(74) 2541(75) 2542(76) 2543(77) 2544(78) 2545(79) 2546(80) 2547(81) 2548(82) 2549(83) 2550(84) 1360(85) 1372(86) 2551(87) 2552(88) 2553(89) 2554(90) 2555(91) 2556(92) 2557(93) 2558(94) 2559(95) 2560(96) 2561(97) 2562(98) 2563(99) 2564(100) 1288(101) 1576(102) 2565(103) 2566(104) 2567(105) 2568(106) 2569(107) 2570(108) 2571(109) 2572(110) 2573(111) 2574(112) 2575(113) 2576(114) 2577(115) 1548(116) 2390(117) 2578(118) 2579(119) 2580(120) 2581(121) 2582(122) 2583(123) 2584(124) 2585(125) 2586(126) 2587(127) 2588(128) 2589(129) 2590(130) 2591(131) 2592(132) 1678(133) 2331(134) 2593(135) 2594(136) 2595(137) 2596(138) 2597(139) 2598(140) 2599(141) 2600(142) 2601(143) 2602(144) 2603(145) 2604(146) 2605(147) 2606(148) 2458(149) 2287(150) 2607(151) 2608(152) 2609(153) 2610(154) 2611(155) 2612(156) 2613(157) 2614(158) 2615(159) 2616(160) 2617(161) 2618(162) 2619(163) 2620(164) 2621(165) 2622(166) 1273(167) 2054(168) 2623(169) 2624(170) 2625(171) 2626(172) 2627(173) 2628(174) 2629(175) 2630(176) 2631(177) 2632(178) 2633(179) 2634(180) 2635(181) 2636(182) 2637(183) 2638(184) 2639(185) 1808(186) 2367(187) 2640(188) 2641(189) 2642(190) 2643(191) 2644(192) 2645(193) 2646(194) 2647(195) 2648(196) 2649(197) 2650(198) 2651(199) 2652(200) 2653(201) 2654(202) 2655(203) 
Population's average fitness: 10323.60591 stdev: 8112.57428
Best fitness: 26568.00000 - size: (7, 315) - species 8 - id 2458
Average adjusted fitness: 0.352
Mean genetic distance 2.666, standard deviation 0.523
Population of 205 members in 15 species:
   ID   age  size  fitness  adj fit  stag
  ====  ===  ====  =======  =======  ====
     1   14    15   9651.9    0.375     7
     2   14    17  12039.4    0.463     1
     3   14    20  13216.2    0.507     9
     4   14    10   6513.1    0.259    10
     5   14     2   -500.0    0.000    13
     6   14    18  13486.8    0.517     0
     7   14    13   8550.4    0.334     2
     8   14    19  13044.8    0.500     5
     9   14    16  10401.7    0.403     7
    10   14    14   9608.7    0.373     2
    11   13    14   8828.3    0.345     4
    12   13    15   9792.5    0.380     4
    13   11     6   3206.8    0.137     1
    14   10     9   5710.4    0.229     9
    15    9    17  11706.0    0.451     2
Total extinctions: 0
Generation time: 82.189 sec (79.694 average)

 ****** Running generation 15 ****** 

Genomes evaluated: 129(1) 427(2) 2483(3) 1456(4) 2656(5) 2657(6) 2658(7) 2659(8) 2163(9) 112(10) 2660(11) 2661(12) 2662(13) 2663(14) 2664(15) 2665(16) 2666(17) 1717(18) 1718(19) 2667(20) 2668(21) 2669(22) 2670(23) 2671(24) 2672(25) 2673(26) 2674(27) 1432(28) 2074(29) 2675(30) 2676(31) 2677(32) 2678(33) 2679(34) 2680(35) 2681(36) 2682(37) 2683(38) 2684(39) 2685(40) 1333(41) 2370(42) 2686(43) 2687(44) 2688(45) 2689(46) 2690(47) 2691(48) 2692(49) 2693(50) 2694(51) 2695(52) 2696(53) 2697(54) 1422(55) 1528(56) 2698(57) 2699(58) 2700(59) 2701(60) 2702(61) 2703(62) 2704(63) 2705(64) 2706(65) 2707(66) 2708(67) 2709(68) 1678(69) 2331(70) 2710(71) 2711(72) 2712(73) 2713(74) 2714(75) 2715(76) 2716(77) 2717(78) 2718(79) 2719(80) 2720(81) 2721(82) 2722(83) 1360(84) 1372(85) 2723(86) 2724(87) 2725(88) 2726(89) 2727(90) 2728(91) 2729(92) 2730(93) 2731(94) 2732(95) 2733(96) 2734(97) 2735(98) 1288(99) 1576(100) 2736(101) 2737(102) 2738(103) 2739(104) 2740(105) 2741(106) 2742(107) 2743(108) 2744(109) 2745(110) 2746(111) 2747(112) 2748(113) 2749(114) 1646(115) 2234(116) 2750(117) 2751(118) 2752(119) 2753(120) 2754(121) 2755(122) 2756(123) 2757(124) 2758(125) 2759(126) 2760(127) 2761(128) 2762(129) 2763(130) 2764(131) 1808(132) 2367(133) 2765(134) 2766(135) 2767(136) 2768(137) 2769(138) 2770(139) 2771(140) 2772(141) 2773(142) 2774(143) 2775(144) 2776(145) 2777(146) 2778(147) 2779(148) 2622(149) 2458(150) 2780(151) 2781(152) 2782(153) 2783(154) 2784(155) 2785(156) 2786(157) 2787(158) 2788(159) 2789(160) 2790(161) 2791(162) 2792(163) 2793(164) 2794(165) 2795(166) 2796(167) 1273(168) 2629(169) 2797(170) 2798(171) 2799(172) 2800(173) 2801(174) 2802(175) 2803(176) 2804(177) 2805(178) 2806(179) 2807(180) 2808(181) 2809(182) 2810(183) 2811(184) 2812(185) 2813(186) 2814(187) 1548(188) 2390(189) 2815(190) 2816(191) 2817(192) 2818(193) 2819(194) 2820(195) 2821(196) 2822(197) 2823(198) 2824(199) 2825(200) 2826(201) 2827(202) 2828(203) 2829(204) 2830(205) 
Population's average fitness: 10459.84390 stdev: 10514.69982
Best fitness: 98082.00000 - size: (7, 294) - species 8 - id 2794

Best individual in generation 15 meets fitness threshold - complexity: (7, 294)
